 2     3     -1     0    
 2     11    -1     0    
 2     22    -1     0    
 2     4     -1     0    
 2     12    x0     0    
 2     23    x1     0    
 2     19    x2     0    
 2     15    x3     0    
 2     14    x4     0    
 2     61    x5     0    
 2     0     x6     0    
 2     26    x7     0    
 2     49    x8     0    
 2     63    x9     0    
 2     62    x10    0    
 2     20    x11    0    
 2     51    x12    0    
 2     28    x13    0    
 2     16    x14    0    
 2     56    x15    0    
 2     59    x16    0    
 2     52    x17    0    
 2     60    x18    0    
 2     40    x19    0    
 2     55    x20    0    
 2     58    x21    0    
 2     50    x22    0    
 2     46    x23    0    
 2     44    x24    0    
 2     48    x25    0    
 2     36    x26    0    
 2     42    x27    0    
 2     38    x28    0    
 2     34    x29    0    
 1     36    x30    0    
 1     62    x31    0    
 1     48    x32    0    
 1     26    x33    0    
 1     22    x34    0    
 1     28    x35    0    
 1     24    x36    0    
 1     20    x37    0    
 1     14    x38    0    
 1     61    x39    0    
 1     9     x40    0    
 1     63    x41    0    
 1     5     x42    0    
 1     30    x43    0    
 1     2     x44    0    
 1     18    x45    0    
 1     16    x46    0    
 1     38    x47    0    
 1     0     x48    0    
 1     42    x49    0    
 1     -1    -1     0    
 1     -1    -1     0    
 1     -1    -1     0    
 1     -1    -1     0    
 1     -1    -1     0    
 1     -1    -1     0    
 1     -1    -1     0    
 1     -1    -1     0    
 1     -1    -1     0    
 1     -1    -1     0    
 1     -1    -1     0    
 1     -1    -1     0    
 1     -1    -1     0    
 1     -1    -1     0    
 1     -1    -1     0    
 1     -1    -1     0    
 1     -1    -1     8    
 1     -1    -1     8    
 1     -1    -1     8    
 1     -1    -1     8    
 1     -1    -1     8    
 1     -1    -1     8    
 1     -1    -1     8    
 1     -1    -1     8    
 1     -1    -1     8    
 1     -1    -1     8    
 1     -1    -1     8    
 1     -1    -1     8    
 1     -1    -1     8    
 1     -1    -1     8    
 1     -1    -1     8    
 1     -1    -1     8    
 1     42    -1     8    
 1     0     -1     8    
 1     38    -1     8    
 1     16    -1     8    
 1     18    x50    8    
 1     2     x51    8    
 1     30    x52    8    
 1     5     x53    8    
 1     63    x54    8    
 1     9     x55    8    
 1     61    x56    8    
 1     14    x57    8    
 1     20    x58    8    
 1     24    x59    8    
 1     28    x60    8    
 1     22    x61    8    
 1     26    x62    8    
 1     48    x63    8    
 1     62    x64    8    
 1     36    x65    8    
 2     34    x66    8    
 2     38    x67    8    
 2     42    x68    8    
 2     36    x69    8    
 2     48    x70    8    
 2     44    x71    8    
 2     46    x72    8    
 2     50    x73    8    
 2     58    x74    8    
 2     55    x75    8    
 2     40    x76    8    
 2     60    x77    8    
 2     52    x78    8    
 2     59    x79    8    
 2     56    x80    8    
 2     16    x81    8    
 2     28    x82    8    
 2     51    x83    8    
 2     20    x84    8    
 2     62    x85    8    
 2     63    x86    8    
 2     49    x87    8    
 2     26    x88    8    
 2     0     x89    8    
 2     61    x90    8    
 2     14    x91    8    
 2     15    x92    8    
 2     19    x93    8    
 2     23    x94    8    
 2     12    x95    8    
 2     4     x96    8    
 2     22    x97    8    
 2     11    x98    8    
 2     3     x99    8    
 2     3     x100   1    
 2     11    x101   1    
 2     22    x102   1    
 2     4     x103   1    
 2     12    x104   1    
 2     23    x105   1    
 2     19    x106   1    
 2     15    x107   1    
 2     14    x108   1    
 2     61    x109   1    
 2     0     x110   1    
 2     26    x111   1    
 2     49    x112   1    
 2     63    x113   1    
 2     62    x114   1    
 2     20    x115   1    
 2     51    x116   1    
 2     28    x117   1    
 2     16    x118   1    
 2     56    x119   1    
 2     59    x120   1    
 2     52    x121   1    
 2     60    x122   1    
 2     40    x123   1    
 2     55    x124   1    
 2     58    x125   1    
 2     50    x126   1    
 2     46    x127   1    
 2     44    x128   1    
 2     48    x129   1    
 2     36    x130   1    
 2     42    x131   1    
 2     38    x132   1    
 2     34    x133   1    
 1     36    x134   1    
 1     62    x135   1    
 1     48    x136   1    
 1     26    x137   1    
 1     22    x138   1    
 1     28    x139   1    
 1     24    x140   1    
 1     20    x141   1    
 1     14    x142   1    
 1     61    x143   1    
 1     9     x144   1    
 1     63    x145   1    
 1     5     x146   1    
 1     30    x147   1    
 1     2     x148   1    
 1     18    x149   1    
 1     16    x150   1    
 1     38    x151   1    
 1     0     x152   1    
 1     42    x153   1    
 1     -1    -1     1    
 1     -1    -1     1    
 1     -1    -1     1    
 1     -1    -1     1    
 1     -1    -1     1    
 1     -1    -1     1    
 1     -1    -1     1    
 1     -1    -1     1    
 1     -1    -1     1    
 1     -1    -1     1    
 1     -1    -1     1    
 1     -1    -1     1    
 1     -1    -1     1    
 1     -1    -1     1    
 1     -1    -1     1    
 1     -1    -1     1    
 1     -1    -1     9    
 1     -1    -1     9    
 1     -1    -1     9    
 1     -1    -1     9    
 1     -1    -1     9    
 1     -1    -1     9    
 1     -1    -1     9    
 1     -1    -1     9    
 1     -1    -1     9    
 1     -1    -1     9    
 1     -1    -1     9    
 1     -1    -1     9    
 1     -1    -1     9    
 1     -1    -1     9    
 1     -1    -1     9    
 1     -1    -1     9    
 1     42    x154   9    
 1     0     x155   9    
 1     38    x156   9    
 1     16    x157   9    
 1     18    x158   9    
 1     2     x159   9    
 1     30    x160   9    
 1     5     x161   9    
 1     63    x162   9    
 1     9     x163   9    
 1     61    x164   9    
 1     14    x165   9    
 1     20    x166   9    
 1     24    x167   9    
 1     28    x168   9    
 1     22    x169   9    
 1     26    x170   9    
 1     48    x171   9    
 1     62    x172   9    
 1     36    x173   9    
 2     34    x174   9    
 2     38    x175   9    
 2     42    x176   9    
 2     36    x177   9    
 2     48    x178   9    
 2     44    x179   9    
 2     46    x180   9    
 2     50    x181   9    
 2     58    x182   9    
 2     55    x183   9    
 2     40    x184   9    
 2     60    x185   9    
 2     52    x186   9    
 2     59    x187   9    
 2     56    x188   9    
 2     16    x189   9    
 2     28    x190   9    
 2     51    x191   9    
 2     20    x192   9    
 2     62    x193   9    
 2     63    x194   9    
 2     49    x195   9    
 2     26    x196   9    
 2     0     x197   9    
 2     61    x198   9    
 2     14    x199   9    
 2     15    x200   9    
 2     19    x201   9    
 2     23    x202   9    
 2     12    x203   9    
 2     4     x204   9    
 2     22    x205   9    
 2     11    x206   9    
 2     3     x207   9    
 2     3     x208   2    
 2     11    x209   2    
 2     22    x210   2    
 2     4     x211   2    
 2     12    x212   2    
 2     23    x213   2    
 2     19    x214   2    
 2     15    x215   2    
 2     14    x216   2    
 2     61    x217   2    
 2     0     x218   2    
 2     26    x219   2    
 2     49    x220   2    
 2     63    x221   2    
 2     62    x222   2    
 2     20    x223   2    
 2     51    x224   2    
 2     28    x225   2    
 2     16    x226   2    
 2     56    x227   2    
 2     59    x228   2    
 2     52    x229   2    
 2     60    x230   2    
 2     40    x231   2    
 2     55    x232   2    
 2     58    x233   2    
 2     50    x234   2    
 2     46    x235   2    
 2     44    x236   2    
 2     48    x237   2    
 2     36    x238   2    
 2     42    x239   2    
 2     38    x240   2    
 2     34    x241   2    
 1     36    x242   2    
 1     62    x243   2    
 1     48    x244   2    
 1     26    x245   2    
 1     22    x246   2    
 1     28    x247   2    
 1     24    x248   2    
 1     20    x249   2    
 1     14    x250   2    
 1     61    x251   2    
 1     9     x252   2    
 1     63    x253   2    
 1     5     x254   2    
 1     30    x255   2    
 1     2     x256   2    
 1     18    x257   2    
 1     16    x258   2    
 1     38    x259   2    
 1     0     x260   2    
 1     42    x261   2    
 1     -1    -1     2    
 1     -1    -1     2    
 1     -1    -1     2    
 1     -1    -1     2    
 1     -1    -1     2    
 1     -1    -1     2    
 1     -1    -1     2    
 1     -1    -1     2    
 1     -1    -1     2    
 1     -1    -1     2    
 1     -1    -1     2    
 1     -1    -1     2    
 1     -1    -1     2    
 1     -1    -1     2    
 1     -1    -1     2    
 1     -1    -1     2    
 1     -1    -1     10   
 1     -1    -1     10   
 1     -1    -1     10   
 1     -1    -1     10   
 1     -1    -1     10   
 1     -1    -1     10   
 1     -1    -1     10   
 1     -1    -1     10   
 1     -1    -1     10   
 1     -1    -1     10   
 1     -1    -1     10   
 1     -1    -1     10   
 1     -1    -1     10   
 1     -1    -1     10   
 1     -1    -1     10   
 1     -1    -1     10   
 1     42    x262   10   
 1     0     x263   10   
 1     38    x264   10   
 1     16    x265   10   
 1     18    x266   10   
 1     2     x267   10   
 1     30    x268   10   
 1     5     x269   10   
 1     63    x270   10   
 1     9     x271   10   
 1     61    x272   10   
 1     14    x273   10   
 1     20    x274   10   
 1     24    x275   10   
 1     28    x276   10   
 1     22    x277   10   
 1     26    x278   10   
 1     48    x279   10   
 1     62    x280   10   
 1     36    x281   10   
 2     34    x282   10   
 2     38    x283   10   
 2     42    x284   10   
 2     36    x285   10   
 2     48    x286   10   
 2     44    x287   10   
 2     46    x288   10   
 2     50    x289   10   
 2     58    x290   10   
 2     55    x291   10   
 2     40    x292   10   
 2     60    x293   10   
 2     52    x294   10   
 2     59    x295   10   
 2     56    x296   10   
 2     16    x297   10   
 2     28    x298   10   
 2     51    x299   10   
 2     20    x300   10   
 2     62    x301   10   
 2     63    x302   10   
 2     49    x303   10   
 2     26    x304   10   
 2     0     x305   10   
 2     61    x306   10   
 2     14    x307   10   
 2     15    x308   10   
 2     19    x309   10   
 2     23    x310   10   
 2     12    x311   10   
 2     4     x312   10   
 2     22    x313   10   
 2     11    x314   10   
 2     3     x315   10   
 2     3     x316   3    
 2     11    x317   3    
 2     22    x318   3    
 2     4     x319   3    
 2     12    x320   3    
 2     23    x321   3    
 2     19    x322   3    
 2     15    x323   3    
 2     14    x324   3    
 2     61    x325   3    
 2     0     x326   3    
 2     26    x327   3    
 2     49    x328   3    
 2     63    x329   3    
 2     62    x330   3    
 2     20    x331   3    
 2     51    x332   3    
 2     28    x333   3    
 2     16    x334   3    
 2     56    x335   3    
 2     59    x336   3    
 2     52    x337   3    
 2     60    x338   3    
 2     40    x339   3    
 2     55    x340   3    
 2     58    x341   3    
 2     50    x342   3    
 2     46    x343   3    
 2     44    x344   3    
 2     48    x345   3    
 2     36    x346   3    
 2     42    x347   3    
 2     38    x348   3    
 2     34    x349   3    
 1     36    x350   3    
 1     62    x351   3    
 1     48    x352   3    
 1     26    x353   3    
 1     22    x354   3    
 1     28    x355   3    
 1     24    x356   3    
 1     20    x357   3    
 1     14    x358   3    
 1     61    x359   3    
 1     9     x360   3    
 1     63    x361   3    
 1     5     x362   3    
 1     30    x363   3    
 1     2     x364   3    
 1     18    x365   3    
 1     16    x366   3    
 1     38    x367   3    
 1     0     x368   3    
 1     42    x369   3    
 1     -1    -1     3    
 1     -1    -1     3    
 1     -1    -1     3    
 1     -1    -1     3    
 1     -1    -1     3    
 1     -1    -1     3    
 1     -1    -1     3    
 1     -1    -1     3    
 1     -1    -1     3    
 1     -1    -1     3    
 1     -1    -1     3    
 1     -1    -1     3    
 1     -1    -1     3    
 1     -1    -1     3    
 1     -1    -1     3    
 1     -1    -1     3    
 1     -1    -1     11   
 1     -1    -1     11   
 1     -1    -1     11   
 1     -1    -1     11   
 1     -1    -1     11   
 1     -1    -1     11   
 1     -1    -1     11   
 1     -1    -1     11   
 1     -1    -1     11   
 1     -1    -1     11   
 1     -1    -1     11   
 1     -1    -1     11   
 1     -1    -1     11   
 1     -1    -1     11   
 1     -1    -1     11   
 1     -1    -1     11   
 1     42    x370   11   
 1     0     x371   11   
 1     38    x372   11   
 1     16    x373   11   
 1     18    x374   11   
 1     2     x375   11   
 1     30    x376   11   
 1     5     x377   11   
 1     63    x378   11   
 1     9     x379   11   
 1     61    x380   11   
 1     14    x381   11   
 1     20    x382   11   
 1     24    x383   11   
 1     28    x384   11   
 1     22    x385   11   
 1     26    x386   11   
 1     48    x387   11   
 1     62    x388   11   
 1     36    x389   11   
 2     34    x390   11   
 2     38    x391   11   
 2     42    x392   11   
 2     36    x393   11   
 2     48    x394   11   
 2     44    x395   11   
 2     46    x396   11   
 2     50    x397   11   
 2     58    x398   11   
 2     55    x399   11   
 2     40    x400   11   
 2     60    x401   11   
 2     52    x402   11   
 2     59    x403   11   
 2     56    x404   11   
 2     16    x405   11   
 2     28    x406   11   
 2     51    x407   11   
 2     20    x408   11   
 2     62    x409   11   
 2     63    x410   11   
 2     49    x411   11   
 2     26    x412   11   
 2     0     x413   11   
 2     61    x414   11   
 2     14    x415   11   
 2     15    x416   11   
 2     19    x417   11   
 2     23    x418   11   
 2     12    x419   11   
 2     4     x420   11   
 2     22    x421   11   
 2     11    x422   11   
 2     3     x423   11   
 2     3     x424   4    
 2     11    x425   4    
 2     22    x426   4    
 2     4     x427   4    
 2     12    x428   4    
 2     23    x429   4    
 2     19    x430   4    
 2     15    x431   4    
 2     14    x432   4    
 2     61    x433   4    
 2     0     x434   4    
 2     26    x435   4    
 2     49    x436   4    
 2     63    x437   4    
 2     62    x438   4    
 2     20    x439   4    
 2     51    x440   4    
 2     28    x441   4    
 2     16    x442   4    
 2     56    x443   4    
 2     59    x444   4    
 2     52    x445   4    
 2     60    x446   4    
 2     40    x447   4    
 2     55    x448   4    
 2     58    x449   4    
 2     50    x450   4    
 2     46    x451   4    
 2     44    x452   4    
 2     48    x453   4    
 2     36    x454   4    
 2     42    x455   4    
 2     38    x456   4    
 2     34    x457   4    
 1     36    x458   4    
 1     62    x459   4    
 1     48    x460   4    
 1     26    x461   4    
 1     22    x462   4    
 1     28    x463   4    
 1     24    x464   4    
 1     20    x465   4    
 1     14    x466   4    
 1     61    x467   4    
 1     9     x468   4    
 1     63    x469   4    
 1     5     x470   4    
 1     30    x471   4    
 1     2     x472   4    
 1     18    x473   4    
 1     16    x474   4    
 1     38    x475   4    
 1     0     x476   4    
 1     42    x477   4    
 1     -1    -1     4    
 1     -1    -1     4    
 1     -1    -1     4    
 1     -1    -1     4    
 1     -1    -1     4    
 1     -1    -1     4    
 1     -1    -1     4    
 1     -1    -1     4    
 1     -1    -1     4    
 1     -1    -1     4    
 1     -1    -1     4    
 1     -1    -1     4    
 1     -1    -1     4    
 1     -1    -1     4    
 1     -1    -1     4    
 1     -1    -1     4    
 1     -1    -1     12   
 1     -1    -1     12   
 1     -1    -1     12   
 1     -1    -1     12   
 1     -1    -1     12   
 1     -1    -1     12   
 1     -1    -1     12   
 1     -1    -1     12   
 1     -1    -1     12   
 1     -1    -1     12   
 1     -1    -1     12   
 1     -1    -1     12   
 1     -1    -1     12   
 1     -1    -1     12   
 1     -1    -1     12   
 1     -1    -1     12   
 1     42    x478   12   
 1     0     x479   12   
 1     38    x480   12   
 1     16    x481   12   
 1     18    x482   12   
 1     2     x483   12   
 1     30    x484   12   
 1     5     x485   12   
 1     63    x486   12   
 1     9     x487   12   
 1     61    x488   12   
 1     14    x489   12   
 1     20    x490   12   
 1     24    x491   12   
 1     28    x492   12   
 1     22    x493   12   
 1     26    x494   12   
 1     48    x495   12   
 1     62    x496   12   
 1     36    x497   12   
 2     34    x498   12   
 2     38    x499   12   
 2     42    x500   12   
 2     36    x501   12   
 2     48    x502   12   
 2     44    x503   12   
 2     46    x504   12   
 2     50    x505   12   
 2     58    x506   12   
 2     55    x507   12   
 2     40    x508   12   
 2     60    x509   12   
 2     52    x510   12   
 2     59    x511   12   
 2     56    x512   12   
 2     16    x513   12   
 2     28    x514   12   
 2     51    x515   12   
 2     20    x516   12   
 2     62    x517   12   
 2     63    x518   12   
 2     49    x519   12   
 2     26    x520   12   
 2     0     x521   12   
 2     61    x522   12   
 2     14    x523   12   
 2     15    x524   12   
 2     19    x525   12   
 2     23    x526   12   
 2     12    x527   12   
 2     4     x528   12   
 2     22    x529   12   
 2     11    x530   12   
 2     3     x531   12   
 2     3     x532   5    
 2     11    x533   5    
 2     22    x534   5    
 2     4     x535   5    
 2     12    x536   5    
 2     23    x537   5    
 2     19    x538   5    
 2     15    x539   5    
 2     14    x540   5    
 2     61    x541   5    
 2     0     x542   5    
 2     26    x543   5    
 2     49    x544   5    
 2     63    x545   5    
 2     62    x546   5    
 2     20    x547   5    
 2     51    x548   5    
 2     28    x549   5    
 2     16    x550   5    
 2     56    x551   5    
 2     59    x552   5    
 2     52    x553   5    
 2     60    x554   5    
 2     40    x555   5    
 2     55    x556   5    
 2     58    x557   5    
 2     50    x558   5    
 2     46    x559   5    
 2     44    x560   5    
 2     48    x561   5    
 2     36    x562   5    
 2     42    x563   5    
 2     38    x564   5    
 2     34    x565   5    
 1     36    x566   5    
 1     62    x567   5    
 1     48    x568   5    
 1     26    x569   5    
 1     22    x570   5    
 1     28    x571   5    
 1     24    x572   5    
 1     20    x573   5    
 1     14    x574   5    
 1     61    x575   5    
 1     9     x576   5    
 1     63    x577   5    
 1     5     x578   5    
 1     30    x579   5    
 1     2     x580   5    
 1     18    x581   5    
 1     16    x582   5    
 1     38    x583   5    
 1     0     x584   5    
 1     42    x585   5    
 1     -1    -1     5    
 1     -1    -1     5    
 1     -1    -1     5    
 1     -1    -1     5    
 1     -1    -1     5    
 1     -1    -1     5    
 1     -1    -1     5    
 1     -1    -1     5    
 1     -1    -1     5    
 1     -1    -1     5    
 1     -1    -1     5    
 1     -1    -1     5    
 1     -1    -1     5    
 1     -1    -1     5    
 1     -1    -1     5    
 1     -1    -1     5    
 1     -1    -1     13   
 1     -1    -1     13   
 1     -1    -1     13   
 1     -1    -1     13   
 1     -1    -1     13   
 1     -1    -1     13   
 1     -1    -1     13   
 1     -1    -1     13   
 1     -1    -1     13   
 1     -1    -1     13   
 1     -1    -1     13   
 1     -1    -1     13   
 1     -1    -1     13   
 1     -1    -1     13   
 1     -1    -1     13   
 1     -1    -1     13   
 1     42    x586   13   
 1     0     x587   13   
 1     38    x588   13   
 1     16    x589   13   
 1     18    x590   13   
 1     2     x591   13   
 1     30    x592   13   
 1     5     x593   13   
 1     63    x594   13   
 1     9     x595   13   
 1     61    x596   13   
 1     14    x597   13   
 1     20    x598   13   
 1     24    x599   13   
 1     28    x600   13   
 1     22    x601   13   
 1     26    x602   13   
 1     48    x603   13   
 1     62    x604   13   
 1     36    x605   13   
 2     34    x606   13   
 2     38    x607   13   
 2     42    x608   13   
 2     36    x609   13   
 2     48    x610   13   
 2     44    x611   13   
 2     46    x612   13   
 2     50    x613   13   
 2     58    x614   13   
 2     55    x615   13   
 2     40    x616   13   
 2     60    x617   13   
 2     52    x618   13   
 2     59    x619   13   
 2     56    x620   13   
 2     16    x621   13   
 2     28    x622   13   
 2     51    x623   13   
 2     20    x624   13   
 2     62    x625   13   
 2     63    x626   13   
 2     49    x627   13   
 2     26    x628   13   
 2     0     x629   13   
 2     61    x630   13   
 2     14    x631   13   
 2     15    x632   13   
 2     19    x633   13   
 2     23    x634   13   
 2     12    x635   13   
 2     4     x636   13   
 2     22    x637   13   
 2     11    x638   13   
 2     3     x639   13   
 2     3     x640   6    
 2     11    x641   6    
 2     22    x642   6    
 2     4     x643   6    
 2     12    x644   6    
 2     23    x645   6    
 2     19    x646   6    
 2     15    x647   6    
 2     14    x648   6    
 2     61    x649   6    
 2     0     x650   6    
 2     26    x651   6    
 2     49    x652   6    
 2     63    x653   6    
 2     62    x654   6    
 2     20    x655   6    
 2     51    x656   6    
 2     28    x657   6    
 2     16    x658   6    
 2     56    x659   6    
 2     59    x660   6    
 2     52    x661   6    
 2     60    x662   6    
 2     40    x663   6    
 2     55    x664   6    
 2     58    x665   6    
 2     50    x666   6    
 2     46    x667   6    
 2     44    x668   6    
 2     48    x669   6    
 2     36    x670   6    
 2     42    x671   6    
 2     38    x672   6    
 2     34    x673   6    
 1     36    x674   6    
 1     62    x675   6    
 1     48    x676   6    
 1     26    x677   6    
 1     22    x678   6    
 1     28    x679   6    
 1     24    x680   6    
 1     20    x681   6    
 1     14    x682   6    
 1     61    x683   6    
 1     9     x684   6    
 1     63    x685   6    
 1     5     x686   6    
 1     30    x687   6    
 1     2     x688   6    
 1     18    x689   6    
 1     16    x690   6    
 1     38    x691   6    
 1     0     x692   6    
 1     42    x693   6    
 1     -1    -1     6    
 1     -1    -1     6    
 1     -1    -1     6    
 1     -1    -1     6    
 1     -1    -1     6    
 1     -1    -1     6    
 1     -1    -1     6    
 1     -1    -1     6    
 1     -1    -1     6    
 1     -1    -1     6    
 1     -1    -1     6    
 1     -1    -1     6    
 1     -1    -1     6    
 1     -1    -1     6    
 1     -1    -1     6    
 1     -1    -1     6    
 1     -1    -1     14   
 1     -1    -1     14   
 1     -1    -1     14   
 1     -1    -1     14   
 1     -1    -1     14   
 1     -1    -1     14   
 1     -1    -1     14   
 1     -1    -1     14   
 1     -1    -1     14   
 1     -1    -1     14   
 1     -1    -1     14   
 1     -1    -1     14   
 1     -1    -1     14   
 1     -1    -1     14   
 1     -1    -1     14   
 1     -1    -1     14   
 1     42    x694   14   
 1     0     x695   14   
 1     38    x696   14   
 1     16    x697   14   
 1     18    x698   14   
 1     2     x699   14   
 1     30    x700   14   
 1     5     x701   14   
 1     63    x702   14   
 1     9     x703   14   
 1     61    x704   14   
 1     14    x705   14   
 1     20    x706   14   
 1     24    x707   14   
 1     28    x708   14   
 1     22    x709   14   
 1     26    x710   14   
 1     48    x711   14   
 1     62    x712   14   
 1     36    x713   14   
 2     34    x714   14   
 2     38    x715   14   
 2     42    x716   14   
 2     36    x717   14   
 2     48    x718   14   
 2     44    x719   14   
 2     46    x720   14   
 2     50    x721   14   
 2     58    x722   14   
 2     55    x723   14   
 2     40    x724   14   
 2     60    x725   14   
 2     52    x726   14   
 2     59    x727   14   
 2     56    x728   14   
 2     16    x729   14   
 2     28    x730   14   
 2     51    x731   14   
 2     20    x732   14   
 2     62    x733   14   
 2     63    x734   14   
 2     49    x735   14   
 2     26    x736   14   
 2     0     x737   14   
 2     61    x738   14   
 2     14    x739   14   
 2     15    x740   14   
 2     19    x741   14   
 2     23    x742   14   
 2     12    x743   14   
 2     4     x744   14   
 2     22    x745   14   
 2     11    x746   14   
 2     3     x747   14   
 2     3     x748   7    
 2     11    x749   7    
 2     22    x750   7    
 2     4     x751   7    
 2     12    x752   7    
 2     23    x753   7    
 2     19    x754   7    
 2     15    x755   7    
 2     14    x756   7    
 2     61    x757   7    
 2     0     x758   7    
 2     26    x759   7    
 2     49    x760   7    
 2     63    x761   7    
 2     62    x762   7    
 2     20    x763   7    
 2     51    x764   7    
 2     28    x765   7    
 2     16    x766   7    
 2     56    x767   7    
 2     59    x768   7    
 2     52    x769   7    
 2     60    x770   7    
 2     40    x771   7    
 2     55    x772   7    
 2     58    x773   7    
 2     50    x774   7    
 2     46    x775   7    
 2     44    x776   7    
 2     48    x777   7    
 2     36    x778   7    
 2     42    x779   7    
 2     38    x780   7    
 2     34    x781   7    
 1     36    x782   7    
 1     62    x783   7    
 1     48    x784   7    
 1     26    x785   7    
 1     22    x786   7    
 1     28    x787   7    
 1     24    x788   7    
 1     20    x789   7    
 1     14    x790   7    
 1     61    x791   7    
 1     9     x792   7    
 1     63    x793   7    
 1     5     x794   7    
 1     30    x795   7    
 1     2     x796   7    
 1     18    x797   7    
 1     16    x798   7    
 1     38    x799   7    
 1     0     x800   7    
 1     42    x801   7    
 1     -1    -1     7    
 1     -1    -1     7    
 1     -1    -1     7    
 1     -1    -1     7    
 1     -1    -1     7    
 1     -1    -1     7    
 1     -1    -1     7    
 1     -1    -1     7    
 1     -1    -1     7    
 1     -1    -1     7    
 1     -1    -1     7    
 1     -1    -1     7    
 1     -1    -1     7    
 1     -1    -1     7    
 1     -1    -1     7    
 1     -1    -1     7    
 1     -1    -1     15   
 1     -1    -1     15   
 1     -1    -1     15   
 1     -1    -1     15   
 1     -1    -1     15   
 1     -1    -1     15   
 1     -1    -1     15   
 1     -1    -1     15   
 1     -1    -1     15   
 1     -1    -1     15   
 1     -1    -1     15   
 1     -1    -1     15   
 1     -1    -1     15   
 1     -1    -1     15   
 1     -1    -1     15   
 1     -1    -1     15   
 1     42    x802   15   
 1     0     x803   15   
 1     38    x804   15   
 1     16    x805   15   
 1     18    x806   15   
 1     2     x807   15   
 1     30    x808   15   
 1     5     x809   15   
 1     63    x810   15   
 1     9     x811   15   
 1     61    x812   15   
 1     14    x813   15   
 1     20    x814   15   
 1     24    x815   15   
 1     28    x816   15   
 1     22    x817   15   
 1     26    x818   15   
 1     48    x819   15   
 1     62    x820   15   
 1     36    x821   15   
 2     34    x822   15   
 2     38    x823   15   
 2     42    x824   15   
 2     36    x825   15   
 2     48    x826   15   
 2     44    x827   15   
 2     46    x828   15   
 2     50    x829   15   
 2     58    x830   15   
 2     55    x831   15   
 2     40    x832   15   
 2     60    x833   15   
 2     52    x834   15   
 2     59    x835   15   
 2     56    x836   15   
 2     16    x837   15   
 2     28    x838   15   
 2     51    x839   15   
 2     20    x840   15   
 2     62    x841   15   
 2     63    x842   15   
 2     49    x843   15   
 2     26    x844   15   
 2     0     x845   15   
 2     61    x846   15   
 2     14    x847   15   
 2     15    x848   15   
 2     19    x849   15   
 2     23    x850   15   
 2     12    x851   15   
 2     4     x852   15   
 2     22    x853   15   
 2     11    x854   15   
 2     3     x855   15   
 1     57    -1     8    
 1     45    -1     8    
 1     8     -1     8    
 1     21    -1     8    
 1     47    -1     8    
 1     10    -1     8    
 1     23    v0     8    
 1     4     v1     8    
 1     12    v2     8    
 1     6     v3     8    
 1     33    v4     8    
 1     41    v5     8    
 1     35    v6     8    
 1     1     v7     8    
 1     29    v8     8    
 1     31    v9     8    
 1     25    v10    8    
 1     15    v11    8    
 1     19    v12    8    
 1     39    v13    8    
 1     55    v14    8    
 1     49    v15    8    
 1     54    v16    8    
 1     27    v17    8    
 1     52    v18    8    
 1     11    v19    8    
 1     60    v20    8    
 1     51    v21    8    
 1     37    v22    8    
 1     17    v23    8    
 1     53    v24    8    
 1     56    v25    8    
 1     59    v26    8    
 1     43    v27    8    
 1     50    v28    8    
 1     44    v29    8    
 1     46    v30    8    
 1     34    v31    8    
 1     32    v32    8    
 1     3     v33    8    
 1     7     v34    8    
 1     40    v35    8    
 1     13    v36    8    
 1     58    v37    8    
 2     32    v38    8    
 2     30    v39    8    
 2     18    v40    8    
 2     24    v41    8    
 2     5     v42    8    
 2     10    v43    8    
 2     8     v44    8    
 2     21    v45    8    
 2     17    v46    8    
 2     2     v47    8    
 2     53    v48    8    
 2     57    v49    8    
 2     35    v50    8    
 2     31    v51    8    
 2     13    v52    8    
 2     27    v53    8    
 2     1     v54    8    
 2     7     v55    8    
 2     29    v56    8    
 2     25    v57    8    
 2     9     v58    8    
 2     6     v59    8    
 2     37    v60    8    
 2     39    v61    8    
 2     33    v62    8    
 2     43    v63    8    
 2     41    v64    8    
 2     54    v65    8    
 2     47    v66    8    
 2     45    v67    8    
 1     57    v68    9    
 1     45    v69    9    
 1     8     v70    9    
 1     21    v71    9    
 1     47    v72    9    
 1     10    v73    9    
 1     23    v74    9    
 1     4     v75    9    
 1     12    v76    9    
 1     6     v77    9    
 1     33    v78    9    
 1     41    v79    9    
 1     35    v80    9    
 1     1     v81    9    
 1     29    v82    9    
 1     31    v83    9    
 1     25    v84    9    
 1     15    v85    9    
 1     19    v86    9    
 1     39    v87    9    
 1     55    v88    9    
 1     49    v89    9    
 1     54    v90    9    
 1     27    v91    9    
 1     52    v92    9    
 1     11    v93    9    
 1     60    v94    9    
 1     51    v95    9    
 1     37    v96    9    
 1     17    v97    9    
 1     53    v98    9    
 1     56    v99    9    
 1     59    v100   9    
 1     43    v101   9    
 1     50    v102   9    
 1     44    v103   9    
 1     46    v104   9    
 1     34    v105   9    
 1     32    v106   9    
 1     3     v107   9    
 1     7     v108   9    
 1     40    v109   9    
 1     13    v110   9    
 1     58    v111   9    
 2     32    v112   9    
 2     30    v113   9    
 2     18    v114   9    
 2     24    v115   9    
 2     5     v116   9    
 2     10    v117   9    
 2     8     v118   9    
 2     21    v119   9    
 2     17    v120   9    
 2     2     v121   9    
 2     53    v122   9    
 2     57    v123   9    
 2     35    v124   9    
 2     31    v125   9    
 2     13    v126   9    
 2     27    v127   9    
 2     1     v128   9    
 2     7     v129   9    
 2     29    v130   9    
 2     25    v131   9    
 2     9     v132   9    
 2     6     v133   9    
 2     37    v134   9    
 2     39    v135   9    
 2     33    v136   9    
 2     43    v137   9    
 2     41    v138   9    
 2     54    v139   9    
 2     47    v140   9    
 2     45    v141   9    
 1     57    v142   10   
 1     45    v143   10   
 1     8     v144   10   
 1     21    v145   10   
 1     47    v146   10   
 1     10    v147   10   
 1     23    v148   10   
 1     4     v149   10   
 1     12    v150   10   
 1     6     v151   10   
 1     33    v152   10   
 1     41    v153   10   
 1     35    v154   10   
 1     1     v155   10   
 1     29    v156   10   
 1     31    v157   10   
 1     25    v158   10   
 1     15    v159   10   
 1     19    v160   10   
 1     39    v161   10   
 1     55    v162   10   
 1     49    v163   10   
 1     54    v164   10   
 1     27    v165   10   
 1     52    v166   10   
 1     11    v167   10   
 1     60    v168   10   
 1     51    v169   10   
 1     37    v170   10   
 1     17    v171   10   
 1     53    v172   10   
 1     56    v173   10   
 1     59    v174   10   
 1     43    v175   10   
 1     50    v176   10   
 1     44    v177   10   
 1     46    v178   10   
 1     34    v179   10   
 1     32    v180   10   
 1     3     v181   10   
 1     7     v182   10   
 1     40    v183   10   
 1     13    v184   10   
 1     58    v185   10   
 2     32    v186   10   
 2     30    v187   10   
 2     18    v188   10   
 2     24    v189   10   
 2     5     v190   10   
 2     10    v191   10   
 2     8     v192   10   
 2     21    v193   10   
 2     17    v194   10   
 2     2     v195   10   
 2     53    v196   10   
 2     57    v197   10   
 2     35    v198   10   
 2     31    v199   10   
 2     13    v200   10   
 2     27    v201   10   
 2     1     v202   10   
 2     7     v203   10   
 2     29    v204   10   
 2     25    v205   10   
 2     9     v206   10   
 2     6     v207   10   
 2     37    v208   10   
 2     39    v209   10   
 2     33    v210   10   
 2     43    v211   10   
 2     41    v212   10   
 2     54    v213   10   
 2     47    v214   10   
 2     45    v215   10   
 1     57    v216   11   
 1     45    v217   11   
 1     8     v218   11   
 1     21    v219   11   
 1     47    v220   11   
 1     10    v221   11   
 1     23    v222   11   
 1     4     v223   11   
 1     12    v224   11   
 1     6     v225   11   
 1     33    v226   11   
 1     41    v227   11   
 1     35    v228   11   
 1     1     v229   11   
 1     29    v230   11   
 1     31    v231   11   
 1     25    v232   11   
 1     15    v233   11   
 1     19    v234   11   
 1     39    v235   11   
 1     55    v236   11   
 1     49    v237   11   
 1     54    v238   11   
 1     27    v239   11   
 1     52    v240   11   
 1     11    v241   11   
 1     60    v242   11   
 1     51    v243   11   
 1     37    v244   11   
 1     17    v245   11   
 1     53    v246   11   
 1     56    v247   11   
 1     59    v248   11   
 1     43    v249   11   
 1     50    v250   11   
 1     44    v251   11   
 1     46    v252   11   
 1     34    v253   11   
 1     32    v254   11   
 1     3     v255   11   
 1     7     v256   11   
 1     40    v257   11   
 1     13    v258   11   
 1     58    v259   11   
 2     32    v260   11   
 2     30    v261   11   
 2     18    v262   11   
 2     24    v263   11   
 2     5     v264   11   
 2     10    v265   11   
 2     8     v266   11   
 2     21    v267   11   
 2     17    v268   11   
 2     2     v269   11   
 2     53    v270   11   
 2     57    v271   11   
 2     35    v272   11   
 2     31    v273   11   
 2     13    v274   11   
 2     27    v275   11   
 2     1     v276   11   
 2     7     v277   11   
 2     29    v278   11   
 2     25    v279   11   
 2     9     v280   11   
 2     6     v281   11   
 2     37    v282   11   
 2     39    v283   11   
 2     33    v284   11   
 2     43    v285   11   
 2     41    v286   11   
 2     54    v287   11   
 2     47    v288   11   
 2     45    v289   11   
 1     57    v290   12   
 1     45    v291   12   
 1     8     v292   12   
 1     21    v293   12   
 1     47    v294   12   
 1     10    v295   12   
 1     23    v296   12   
 1     4     v297   12   
 1     12    v298   12   
 1     6     v299   12   
 1     33    v300   12   
 1     41    v301   12   
 1     35    v302   12   
 1     1     v303   12   
 1     29    v304   12   
 1     31    v305   12   
 1     25    v306   12   
 1     15    v307   12   
 1     19    v308   12   
 1     39    v309   12   
 1     55    v310   12   
 1     49    v311   12   
 1     54    v312   12   
 1     27    v313   12   
 1     52    v314   12   
 1     11    v315   12   
 1     60    v316   12   
 1     51    v317   12   
 1     37    v318   12   
 1     17    v319   12   
 1     53    v320   12   
 1     56    v321   12   
 1     59    v322   12   
 1     43    v323   12   
 1     50    v324   12   
 1     44    v325   12   
 1     46    v326   12   
 1     34    v327   12   
 1     32    v328   12   
 1     3     v329   12   
 1     7     v330   12   
 1     40    v331   12   
 1     13    v332   12   
 1     58    v333   12   
 2     32    v334   12   
 2     30    v335   12   
 2     18    v336   12   
 2     24    v337   12   
 2     5     v338   12   
 2     10    v339   12   
 2     8     v340   12   
 2     21    v341   12   
 2     17    v342   12   
 2     2     v343   12   
 2     53    v344   12   
 2     57    v345   12   
 2     35    v346   12   
 2     31    v347   12   
 2     13    v348   12   
 2     27    v349   12   
 2     1     v350   12   
 2     7     v351   12   
 2     29    v352   12   
 2     25    v353   12   
 2     9     v354   12   
 2     6     v355   12   
 2     37    v356   12   
 2     39    v357   12   
 2     33    v358   12   
 2     43    v359   12   
 2     41    v360   12   
 2     54    v361   12   
 2     47    v362   12   
 2     45    v363   12   
 1     57    v364   13   
 1     45    v365   13   
 1     8     v366   13   
 1     21    v367   13   
 1     47    v368   13   
 1     10    v369   13   
 1     23    v370   13   
 1     4     v371   13   
 1     12    v372   13   
 1     6     v373   13   
 1     33    v374   13   
 1     41    v375   13   
 1     35    v376   13   
 1     1     v377   13   
 1     29    v378   13   
 1     31    v379   13   
 1     25    v380   13   
 1     15    v381   13   
 1     19    v382   13   
 1     39    v383   13   
 1     55    v384   13   
 1     49    v385   13   
 1     54    v386   13   
 1     27    v387   13   
 1     52    v388   13   
 1     11    v389   13   
 1     60    v390   13   
 1     51    v391   13   
 1     37    v392   13   
 1     17    v393   13   
 1     53    v394   13   
 1     56    v395   13   
 1     59    v396   13   
 1     43    v397   13   
 1     50    v398   13   
 1     44    v399   13   
 1     46    v400   13   
 1     34    v401   13   
 1     32    v402   13   
 1     3     v403   13   
 1     7     v404   13   
 1     40    v405   13   
 1     13    v406   13   
 1     58    v407   13   
 2     32    v408   13   
 2     30    v409   13   
 2     18    v410   13   
 2     24    v411   13   
 2     5     v412   13   
 2     10    v413   13   
 2     8     v414   13   
 2     21    v415   13   
 2     17    v416   13   
 2     2     v417   13   
 2     53    v418   13   
 2     57    v419   13   
 2     35    v420   13   
 2     31    v421   13   
 2     13    v422   13   
 2     27    v423   13   
 2     1     v424   13   
 2     7     v425   13   
 2     29    v426   13   
 2     25    v427   13   
 2     9     v428   13   
 2     6     v429   13   
 2     37    v430   13   
 2     39    v431   13   
 2     33    v432   13   
 2     43    v433   13   
 2     41    v434   13   
 2     54    v435   13   
 2     47    v436   13   
 2     45    v437   13   
 1     57    v438   14   
 1     45    v439   14   
 1     8     v440   14   
 1     21    v441   14   
 1     47    v442   14   
 1     10    v443   14   
 1     23    v444   14   
 1     4     v445   14   
 1     12    v446   14   
 1     6     v447   14   
 1     33    v448   14   
 1     41    v449   14   
 1     35    v450   14   
 1     1     v451   14   
 1     29    v452   14   
 1     31    v453   14   
 1     25    v454   14   
 1     15    v455   14   
 1     19    v456   14   
 1     39    v457   14   
 1     55    v458   14   
 1     49    v459   14   
 1     54    v460   14   
 1     27    v461   14   
 1     52    v462   14   
 1     11    v463   14   
 1     60    v464   14   
 1     51    v465   14   
 1     37    v466   14   
 1     17    v467   14   
 1     53    v468   14   
 1     56    v469   14   
 1     59    v470   14   
 1     43    v471   14   
 1     50    v472   14   
 1     44    v473   14   
 1     46    v474   14   
 1     34    v475   14   
 1     32    v476   14   
 1     3     v477   14   
 1     7     v478   14   
 1     40    v479   14   
 1     13    v480   14   
 1     58    v481   14   
 2     32    v482   14   
 2     30    v483   14   
 2     18    v484   14   
 2     24    v485   14   
 2     5     v486   14   
 2     10    v487   14   
 2     8     v488   14   
 2     21    v489   14   
 2     17    v490   14   
 2     2     v491   14   
 2     53    v492   14   
 2     57    v493   14   
 2     35    v494   14   
 2     31    v495   14   
 2     13    v496   14   
 2     27    v497   14   
 2     1     v498   14   
 2     7     v499   14   
 2     29    v500   14   
 2     25    v501   14   
 2     9     v502   14   
 2     6     v503   14   
 2     37    v504   14   
 2     39    v505   14   
 2     33    v506   14   
 2     43    v507   14   
 2     41    v508   14   
 2     54    v509   14   
 2     47    v510   14   
 2     45    v511   14   
 1     57    v512   15   
 1     45    v513   15   
 1     8     v514   15   
 1     21    v515   15   
 1     47    v516   15   
 1     10    v517   15   
 1     23    v518   15   
 1     4     v519   15   
 1     12    v520   15   
 1     6     v521   15   
 1     33    v522   15   
 1     41    v523   15   
 1     35    v524   15   
 1     1     v525   15   
 1     29    v526   15   
 1     31    v527   15   
 1     25    v528   15   
 1     15    v529   15   
 1     19    v530   15   
 1     39    v531   15   
 1     55    v532   15   
 1     49    v533   15   
 1     54    v534   15   
 1     27    v535   15   
 1     52    v536   15   
 1     11    v537   15   
 1     60    v538   15   
 1     51    v539   15   
 1     37    v540   15   
 1     17    v541   15   
 1     53    v542   15   
 1     56    v543   15   
 1     59    v544   15   
 1     43    v545   15   
 1     50    v546   15   
 1     44    v547   15   
 1     46    v548   15   
 1     34    v549   15   
 1     32    v550   15   
 1     3     v551   15   
 1     7     v552   15   
 1     40    v553   15   
 1     13    v554   15   
 1     58    v555   15   
 2     32    v556   15   
 2     30    v557   15   
 2     18    v558   15   
 2     24    v559   15   
 2     5     v560   15   
 2     10    v561   15   
 2     8     v562   15   
 2     21    v563   15   
 2     17    v564   15   
 2     2     v565   15   
 2     53    v566   15   
 2     57    v567   15   
 2     35    v568   15   
 2     31    v569   15   
 2     13    v570   15   
 2     27    v571   15   
 2     1     v572   15   
 2     7     v573   15   
 2     29    v574   15   
 2     25    v575   15   
 2     9     v576   15   
 2     6     v577   15   
 2     37    v578   15   
 2     39    v579   15   
 2     33    v580   15   
 2     43    v581   15   
 2     41    v582   15   
 2     54    v583   15   
 2     47    v584   15   
 2     45    v585   15   
 2     45    -1     0    
 2     47    -1     0    
 2     54    -1     0    
 2     41    -1     0    
 2     43    -1     0    
 2     33    v586   0    
 2     39    v587   0    
 2     37    v588   0    
 2     6     v589   0    
 2     9     v590   0    
 2     25    v591   0    
 2     29    v592   0    
 2     7     v593   0    
 2     1     v594   0    
 2     27    v595   0    
 2     13    v596   0    
 2     31    v597   0    
 2     35    v598   0    
 2     57    v599   0    
 2     53    v600   0    
 2     2     v601   0    
 2     17    v602   0    
 2     21    v603   0    
 2     8     v604   0    
 2     10    v605   0    
 2     5     v606   0    
 2     24    v607   0    
 2     18    v608   0    
 2     30    v609   0    
 2     32    v610   0    
 1     58    v611   0    
 1     13    v612   0    
 1     40    v613   0    
 1     7     v614   0    
 1     3     v615   0    
 1     32    v616   0    
 1     34    v617   0    
 1     46    v618   0    
 1     44    v619   0    
 1     50    v620   0    
 1     43    v621   0    
 1     59    v622   0    
 1     56    v623   0    
 1     53    v624   0    
 1     17    v625   0    
 1     37    v626   0    
 1     51    v627   0    
 1     60    v628   0    
 1     11    v629   0    
 1     52    v630   0    
 1     27    v631   0    
 1     54    v632   0    
 1     49    v633   0    
 1     55    v634   0    
 1     39    v635   0    
 1     19    v636   0    
 1     15    v637   0    
 1     25    v638   0    
 1     31    v639   0    
 1     29    v640   0    
 1     1     v641   0    
 1     35    v642   0    
 1     41    v643   0    
 1     33    v644   0    
 1     6     v645   0    
 1     12    v646   0    
 1     4     v647   0    
 1     23    v648   0    
 1     10    v649   0    
 1     47    v650   0    
 1     21    v651   0    
 1     8     v652   0    
 1     45    v653   0    
 1     57    v654   0    
 2     45    v655   1    
 2     47    v656   1    
 2     54    v657   1    
 2     41    v658   1    
 2     43    v659   1    
 2     33    v660   1    
 2     39    v661   1    
 2     37    v662   1    
 2     6     v663   1    
 2     9     v664   1    
 2     25    v665   1    
 2     29    v666   1    
 2     7     v667   1    
 2     1     v668   1    
 2     27    v669   1    
 2     13    v670   1    
 2     31    v671   1    
 2     35    v672   1    
 2     57    v673   1    
 2     53    v674   1    
 2     2     v675   1    
 2     17    v676   1    
 2     21    v677   1    
 2     8     v678   1    
 2     10    v679   1    
 2     5     v680   1    
 2     24    v681   1    
 2     18    v682   1    
 2     30    v683   1    
 2     32    v684   1    
 1     58    v685   1    
 1     13    v686   1    
 1     40    v687   1    
 1     7     v688   1    
 1     3     v689   1    
 1     32    v690   1    
 1     34    v691   1    
 1     46    v692   1    
 1     44    v693   1    
 1     50    v694   1    
 1     43    v695   1    
 1     59    v696   1    
 1     56    v697   1    
 1     53    v698   1    
 1     17    v699   1    
 1     37    v700   1    
 1     51    v701   1    
 1     60    v702   1    
 1     11    v703   1    
 1     52    v704   1    
 1     27    v705   1    
 1     54    v706   1    
 1     49    v707   1    
 1     55    v708   1    
 1     39    v709   1    
 1     19    v710   1    
 1     15    v711   1    
 1     25    v712   1    
 1     31    v713   1    
 1     29    v714   1    
 1     1     v715   1    
 1     35    v716   1    
 1     41    v717   1    
 1     33    v718   1    
 1     6     v719   1    
 1     12    v720   1    
 1     4     v721   1    
 1     23    v722   1    
 1     10    v723   1    
 1     47    v724   1    
 1     21    v725   1    
 1     8     v726   1    
 1     45    v727   1    
 1     57    v728   1    
 2     45    v729   2    
 2     47    v730   2    
 2     54    v731   2    
 2     41    v732   2    
 2     43    v733   2    
 2     33    v734   2    
 2     39    v735   2    
 2     37    v736   2    
 2     6     v737   2    
 2     9     v738   2    
 2     25    v739   2    
 2     29    v740   2    
 2     7     v741   2    
 2     1     v742   2    
 2     27    v743   2    
 2     13    v744   2    
 2     31    v745   2    
 2     35    v746   2    
 2     57    v747   2    
 2     53    v748   2    
 2     2     v749   2    
 2     17    v750   2    
 2     21    v751   2    
 2     8     v752   2    
 2     10    v753   2    
 2     5     v754   2    
 2     24    v755   2    
 2     18    v756   2    
 2     30    v757   2    
 2     32    v758   2    
 1     58    v759   2    
 1     13    v760   2    
 1     40    v761   2    
 1     7     v762   2    
 1     3     v763   2    
 1     32    v764   2    
 1     34    v765   2    
 1     46    v766   2    
 1     44    v767   2    
 1     50    v768   2    
 1     43    v769   2    
 1     59    v770   2    
 1     56    v771   2    
 1     53    v772   2    
 1     17    v773   2    
 1     37    v774   2    
 1     51    v775   2    
 1     60    v776   2    
 1     11    v777   2    
 1     52    v778   2    
 1     27    v779   2    
 1     54    v780   2    
 1     49    v781   2    
 1     55    v782   2    
 1     39    v783   2    
 1     19    v784   2    
 1     15    v785   2    
 1     25    v786   2    
 1     31    v787   2    
 1     29    v788   2    
 1     1     v789   2    
 1     35    v790   2    
 1     41    v791   2    
 1     33    v792   2    
 1     6     v793   2    
 1     12    v794   2    
 1     4     v795   2    
 1     23    v796   2    
 1     10    v797   2    
 1     47    v798   2    
 1     21    v799   2    
 1     8     v800   2    
 1     45    v801   2    
 1     57    v802   2    
 2     45    v803   3    
 2     47    v804   3    
 2     54    v805   3    
 2     41    v806   3    
 2     43    v807   3    
 2     33    v808   3    
 2     39    v809   3    
 2     37    v810   3    
 2     6     v811   3    
 2     9     v812   3    
 2     25    v813   3    
 2     29    v814   3    
 2     7     v815   3    
 2     1     v816   3    
 2     27    v817   3    
 2     13    v818   3    
 2     31    v819   3    
 2     35    v820   3    
 2     57    v821   3    
 2     53    v822   3    
 2     2     v823   3    
 2     17    v824   3    
 2     21    v825   3    
 2     8     v826   3    
 2     10    v827   3    
 2     5     v828   3    
 2     24    v829   3    
 2     18    v830   3    
 2     30    v831   3    
 2     32    v832   3    
 1     58    v833   3    
 1     13    v834   3    
 1     40    v835   3    
 1     7     v836   3    
 1     3     v837   3    
 1     32    v838   3    
 1     34    v839   3    
 1     46    v840   3    
 1     44    v841   3    
 1     50    v842   3    
 1     43    v843   3    
 1     59    v844   3    
 1     56    v845   3    
 1     53    v846   3    
 1     17    v847   3    
 1     37    v848   3    
 1     51    v849   3    
 1     60    v850   3    
 1     11    v851   3    
 1     52    v852   3    
 1     27    v853   3    
 1     54    v854   3    
 1     49    v855   3    
 1     55    v856   3    
 1     39    v857   3    
 1     19    v858   3    
 1     15    v859   3    
 1     25    v860   3    
 1     31    v861   3    
 1     29    v862   3    
 1     1     v863   3    
 1     35    v864   3    
 1     41    v865   3    
 1     33    v866   3    
 1     6     v867   3    
 1     12    v868   3    
 1     4     v869   3    
 1     23    v870   3    
 1     10    v871   3    
 1     47    v872   3    
 1     21    v873   3    
 1     8     v874   3    
 1     45    v875   3    
 1     57    v876   3    
 2     45    v877   4    
 2     47    v878   4    
 2     54    v879   4    
 2     41    v880   4    
 2     43    v881   4    
 2     33    v882   4    
 2     39    v883   4    
 2     37    v884   4    
 2     6     v885   4    
 2     9     v886   4    
 2     25    v887   4    
 2     29    v888   4    
 2     7     v889   4    
 2     1     v890   4    
 2     27    v891   4    
 2     13    v892   4    
 2     31    v893   4    
 2     35    v894   4    
 2     57    v895   4    
 2     53    v896   4    
 2     2     v897   4    
 2     17    v898   4    
 2     21    v899   4    
 2     8     v900   4    
 2     10    v901   4    
 2     5     v902   4    
 2     24    v903   4    
 2     18    v904   4    
 2     30    v905   4    
 2     32    v906   4    
 1     58    v907   4    
 1     13    v908   4    
 1     40    v909   4    
 1     7     v910   4    
 1     3     v911   4    
 1     32    v912   4    
 1     34    v913   4    
 1     46    v914   4    
 1     44    v915   4    
 1     50    v916   4    
 1     43    v917   4    
 1     59    v918   4    
 1     56    v919   4    
 1     53    v920   4    
 1     17    v921   4    
 1     37    v922   4    
 1     51    v923   4    
 1     60    v924   4    
 1     11    v925   4    
 1     52    v926   4    
 1     27    v927   4    
 1     54    v928   4    
 1     49    v929   4    
 1     55    v930   4    
 1     39    v931   4    
 1     19    v932   4    
 1     15    v933   4    
 1     25    v934   4    
 1     31    v935   4    
 1     29    v936   4    
 1     1     v937   4    
 1     35    v938   4    
 1     41    v939   4    
 1     33    v940   4    
 1     6     v941   4    
 1     12    v942   4    
 1     4     v943   4    
 1     23    v944   4    
 1     10    v945   4    
 1     47    v946   4    
 1     21    v947   4    
 1     8     v948   4    
 1     45    v949   4    
 1     57    v950   4    
 2     45    v951   5    
 2     47    v952   5    
 2     54    v953   5    
 2     41    v954   5    
 2     43    v955   5    
 2     33    v956   5    
 2     39    v957   5    
 2     37    v958   5    
 2     6     v959   5    
 2     9     v960   5    
 2     25    v961   5    
 2     29    v962   5    
 2     7     v963   5    
 2     1     v964   5    
 2     27    v965   5    
 2     13    v966   5    
 2     31    v967   5    
 2     35    v968   5    
 2     57    v969   5    
 2     53    v970   5    
 2     2     v971   5    
 2     17    v972   5    
 2     21    v973   5    
 2     8     v974   5    
 2     10    v975   5    
 2     5     v976   5    
 2     24    v977   5    
 2     18    v978   5    
 2     30    v979   5    
 2     32    v980   5    
 1     58    v981   5    
 1     13    v982   5    
 1     40    v983   5    
 1     7     v984   5    
 1     3     v985   5    
 1     32    v986   5    
 1     34    v987   5    
 1     46    v988   5    
 1     44    v989   5    
 1     50    v990   5    
 1     43    v991   5    
 1     59    v992   5    
 1     56    v993   5    
 1     53    v994   5    
 1     17    v995   5    
 1     37    v996   5    
 1     51    v997   5    
 1     60    v998   5    
 1     11    v999   5    
 1     52    v1000  5    
 1     27    v1001  5    
 1     54    v1002  5    
 1     49    v1003  5    
 1     55    v1004  5    
 1     39    v1005  5    
 1     19    v1006  5    
 1     15    v1007  5    
 1     25    v1008  5    
 1     31    v1009  5    
 1     29    v1010  5    
 1     1     v1011  5    
 1     35    v1012  5    
 1     41    v1013  5    
 1     33    v1014  5    
 1     6     v1015  5    
 1     12    v1016  5    
 1     4     v1017  5    
 1     23    v1018  5    
 1     10    v1019  5    
 1     47    v1020  5    
 1     21    v1021  5    
 1     8     v1022  5    
 1     45    v1023  5    
 1     57    v1024  5    
 2     45    v1025  6    
 2     47    v1026  6    
 2     54    v1027  6    
 2     41    v1028  6    
 2     43    v1029  6    
 2     33    v1030  6    
 2     39    v1031  6    
 2     37    v1032  6    
 2     6     v1033  6    
 2     9     v1034  6    
 2     25    v1035  6    
 2     29    v1036  6    
 2     7     v1037  6    
 2     1     v1038  6    
 2     27    v1039  6    
 2     13    v1040  6    
 2     31    v1041  6    
 2     35    v1042  6    
 2     57    v1043  6    
 2     53    v1044  6    
 2     2     v1045  6    
 2     17    v1046  6    
 2     21    v1047  6    
 2     8     v1048  6    
 2     10    v1049  6    
 2     5     v1050  6    
 2     24    v1051  6    
 2     18    v1052  6    
 2     30    v1053  6    
 2     32    v1054  6    
 1     58    v1055  6    
 1     13    v1056  6    
 1     40    v1057  6    
 1     7     v1058  6    
 1     3     v1059  6    
 1     32    v1060  6    
 1     34    v1061  6    
 1     46    v1062  6    
 1     44    v1063  6    
 1     50    v1064  6    
 1     43    v1065  6    
 1     59    v1066  6    
 1     56    v1067  6    
 1     53    v1068  6    
 1     17    v1069  6    
 1     37    v1070  6    
 1     51    v1071  6    
 1     60    v1072  6    
 1     11    v1073  6    
 1     52    v1074  6    
 1     27    v1075  6    
 1     54    v1076  6    
 1     49    v1077  6    
 1     55    v1078  6    
 1     39    v1079  6    
 1     19    v1080  6    
 1     15    v1081  6    
 1     25    v1082  6    
 1     31    v1083  6    
 1     29    v1084  6    
 1     1     v1085  6    
 1     35    v1086  6    
 1     41    v1087  6    
 1     33    v1088  6    
 1     6     v1089  6    
 1     12    v1090  6    
 1     4     v1091  6    
 1     23    v1092  6    
 1     10    v1093  6    
 1     47    v1094  6    
 1     21    v1095  6    
 1     8     v1096  6    
 1     45    v1097  6    
 1     57    v1098  6    
 2     45    v1099  7    
 2     47    v1100  7    
 2     54    v1101  7    
 2     41    v1102  7    
 2     43    v1103  7    
 2     33    v1104  7    
 2     39    v1105  7    
 2     37    v1106  7    
 2     6     v1107  7    
 2     9     v1108  7    
 2     25    v1109  7    
 2     29    v1110  7    
 2     7     v1111  7    
 2     1     v1112  7    
 2     27    v1113  7    
 2     13    v1114  7    
 2     31    v1115  7    
 2     35    v1116  7    
 2     57    v1117  7    
 2     53    v1118  7    
 2     2     v1119  7    
 2     17    v1120  7    
 2     21    v1121  7    
 2     8     v1122  7    
 2     10    v1123  7    
 2     5     v1124  7    
 2     24    v1125  7    
 2     18    v1126  7    
 2     30    v1127  7    
 2     32    v1128  7    
 1     58    v1129  7    
 1     13    v1130  7    
 1     40    v1131  7    
 1     7     v1132  7    
 1     3     v1133  7    
 1     32    v1134  7    
 1     34    v1135  7    
 1     46    v1136  7    
 1     44    v1137  7    
 1     50    v1138  7    
 1     43    v1139  7    
 1     59    v1140  7    
 1     56    v1141  7    
 1     53    v1142  7    
 1     17    v1143  7    
 1     37    v1144  7    
 1     51    v1145  7    
 1     60    v1146  7    
 1     11    v1147  7    
 1     52    v1148  7    
 1     27    v1149  7    
 1     54    v1150  7    
 1     49    v1151  7    
 1     55    v1152  7    
 1     39    v1153  7    
 1     19    v1154  7    
 1     15    v1155  7    
 1     25    v1156  7    
 1     31    v1157  7    
 1     29    v1158  7    
 1     1     v1159  7    
 1     35    v1160  7    
 1     41    v1161  7    
 1     33    v1162  7    
 1     6     v1163  7    
 1     12    v1164  7    
 1     4     v1165  7    
 1     23    v1166  7    
 1     10    v1167  7    
 1     47    v1168  7    
 1     21    v1169  7    
 1     8     v1170  7    
 1     45    v1171  7    
 1     57    v1172  7    
